contender,length,sample,blocks,calls,hashes_per_block,completed_hashes,wall_ns,p_cycles,p_instructions,p_time_ns,e_cycles,e_instructions,e_time_ns
sha256,64,0,312,31200,100,31200,1980584,,,,,,
sha256,64,1,312,31200,100,31200,2003558,,,,,,
sha256,64,2,312,31200,100,31200,2040515,,,,,,
sha256,64,3,312,31200,100,31200,2008933,,,,,,
sha256,64,4,312,31200,100,31200,1988566,,,,,,
sha256,64,5,312,31200,100,31200,1981017,,,,,,
sha256,64,6,312,31200,100,31200,1980488,,,,,,
sha256,64,7,312,31200,100,31200,1989409,,,,,,
sha256,64,8,312,31200,100,31200,1981070,,,,,,
sha256,64,9,312,31200,100,31200,1981359,,,,,,
sha256,64,10,312,31200,100,31200,1983114,,,,,,
sha256,64,11,312,31200,100,31200,1982513,,,,,,
sha256,64,12,312,31200,100,31200,1981956,,,,,,
sha256,64,13,312,31200,100,31200,1982518,,,,,,
sha256,64,14,312,31200,100,31200,1981814,,,,,,
sha256,64,15,312,31200,100,31200,1982145,,,,,,
sha256,64,16,312,31200,100,31200,1981325,,,,,,
sha256,64,17,312,31200,100,31200,1983624,,,,,,
sha256,64,18,312,31200,100,31200,1981977,,,,,,
sha256,64,19,312,31200,100,31200,1982010,,,,,,
sha256,64,20,312,31200,100,31200,1981781,,,,,,
sha256,64,21,312,31200,100,31200,1985863,,,,,,
sha256,64,22,312,31200,100,31200,1980449,,,,,,
sha256,64,23,312,31200,100,31200,1984877,,,,,,
sha256,64,24,312,31200,100,31200,1998621,,,,,,
sha256,64,25,312,31200,100,31200,2081043,,,,,,
sha256,64,26,312,31200,100,31200,2012372,,,,,,
sha256,64,27,312,31200,100,31200,1988958,,,,,,
sha256,64,28,312,31200,100,31200,1985421,,,,,,
sha256,64,29,312,31200,100,31200,1985097,,,,,,
sha256,64,30,312,31200,100,31200,1982087,,,,,,
sha256,64,31,312,31200,100,31200,1984814,,,,,,
sha256,64,32,312,31200,100,31200,1986525,,,,,,
sha256,64,33,312,31200,100,31200,1981149,,,,,,
sha256,64,34,312,31200,100,31200,1981542,,,,,,
sha256,64,35,312,31200,100,31200,1981965,,,,,,
sha256,64,36,312,31200,100,31200,1982145,,,,,,
sha256,64,37,312,31200,100,31200,1982205,,,,,,
sha256,64,38,312,31200,100,31200,1988548,,,,,,
sha256,64,39,312,31200,100,31200,1985208,,,,,,
sha256,64,40,312,31200,100,31200,1982736,,,,,,
sha256,64,41,312,31200,100,31200,2003745,,,,,,
sha256,64,42,312,31200,100,31200,2021932,,,,,,
sha256,64,43,312,31200,100,31200,1983860,,,,,,
sha256,64,44,312,31200,100,31200,1993437,,,,,,
sha256,64,45,312,31200,100,31200,1986248,,,,,,
sha256,64,46,312,31200,100,31200,1981205,,,,,,
sha256,64,47,312,31200,100,31200,1980422,,,,,,
sha256,64,48,312,31200,100,31200,1981601,,,,,,
sha256,64,49,312,31200,100,31200,1986962,,,,,,
sha256,64,50,312,31200,100,31200,1981415,,,,,,
sha256,64,51,312,31200,100,31200,1981320,,,,,,
sha256,64,52,312,31200,100,31200,1981995,,,,,,
sha256,64,53,312,31200,100,31200,1986231,,,,,,
sha256,64,54,312,31200,100,31200,1981198,,,,,,
sha256,64,55,312,31200,100,31200,1982013,,,,,,
sha256,64,56,312,31200,100,31200,1981049,,,,,,
sha256,64,57,312,31200,100,31200,1981641,,,,,,
sha256,64,58,312,31200,100,31200,1982659,,,,,,
sha256,64,59,312,31200,100,31200,1981390,,,,,,
sha256,64,60,312,31200,100,31200,1982356,,,,,,
sha256,64,61,312,31200,100,31200,1982422,,,,,,
sha256,64,62,312,31200,100,31200,1982207,,,,,,
sha256,64,63,312,31200,100,31200,1981568,,,,,,
sha256,64,64,312,31200,100,31200,1980919,,,,,,
sha256,64,65,312,31200,100,31200,1982446,,,,,,
sha256,64,66,312,31200,100,31200,1983724,,,,,,
sha256,64,67,312,31200,100,31200,1981912,,,,,,
sha256,64,68,312,31200,100,31200,1980813,,,,,,
sha256,64,69,312,31200,100,31200,1981604,,,,,,
sha256,64,70,312,31200,100,31200,1981269,,,,,,
sha256,64,71,312,31200,100,31200,1980641,,,,,,
sha256,64,72,312,31200,100,31200,1981992,,,,,,
sha256,64,73,312,31200,100,31200,1981999,,,,,,
sha256,64,74,312,31200,100,31200,1983835,,,,,,
sha256,64,75,312,31200,100,31200,1981728,,,,,,
sha256,64,76,312,31200,100,31200,1981624,,,,,,
sha256,64,77,312,31200,100,31200,1982560,,,,,,
sha256,64,78,312,31200,100,31200,1982327,,,,,,
sha256,64,79,312,31200,100,31200,1991583,,,,,,
sha256,64,80,312,31200,100,31200,1984716,,,,,,
sha256,64,81,312,31200,100,31200,1984420,,,,,,
sha256,64,82,312,31200,100,31200,1995689,,,,,,
sha256,64,83,312,31200,100,31200,2002862,,,,,,
sha256,64,84,312,31200,100,31200,1996008,,,,,,
sha256,64,85,312,31200,100,31200,2044686,,,,,,
sha256,64,86,312,31200,100,31200,1982431,,,,,,
sha256,64,87,312,31200,100,31200,1982540,,,,,,
sha256,64,88,312,31200,100,31200,2353955,,,,,,
sha256,64,89,312,31200,100,31200,1981903,,,,,,
sha256,64,90,312,31200,100,31200,1978589,,,,,,
sha256,64,91,312,31200,100,31200,1981910,,,,,,
sha256,64,92,312,31200,100,31200,1982621,,,,,,
sha256,64,93,312,31200,100,31200,1981963,,,,,,
sha256,64,94,312,31200,100,31200,1981496,,,,,,
sha256,64,95,312,31200,100,31200,1982493,,,,,,
sha256,64,96,312,31200,100,31200,1982250,,,,,,
sha256,64,97,312,31200,100,31200,1982440,,,,,,
sha256,64,98,312,31200,100,31200,1981400,,,,,,
sha256,64,99,312,31200,100,31200,1983470,,,,,,
sha256,64,100,312,31200,100,31200,1980455,,,,,,
sha256,64,101,312,31200,100,31200,1979435,,,,,,
sha256,64,102,312,31200,100,31200,1978360,,,,,,
sha256,64,103,312,31200,100,31200,1978308,,,,,,
sha256,64,104,312,31200,100,31200,1978448,,,,,,
sha256,64,105,312,31200,100,31200,1978128,,,,,,
sha256,64,106,312,31200,100,31200,1979424,,,,,,
sha256,64,107,312,31200,100,31200,1981701,,,,,,
sha256,64,108,312,31200,100,31200,1983247,,,,,,
sha256,64,109,312,31200,100,31200,1981208,,,,,,
sha256,64,110,312,31200,100,31200,1980713,,,,,,
sha256,64,111,312,31200,100,31200,1980455,,,,,,
sha256,64,112,312,31200,100,31200,1980243,,,,,,
sha256,64,113,312,31200,100,31200,1980206,,,,,,
sha256,64,114,312,31200,100,31200,1979803,,,,,,
sha256,64,115,312,31200,100,31200,1980541,,,,,,
sha256,64,116,312,31200,100,31200,1983450,,,,,,
sha256,64,117,312,31200,100,31200,1982247,,,,,,
sha256,64,118,312,31200,100,31200,1981620,,,,,,
sha256,64,119,312,31200,100,31200,1987577,,,,,,
sha256,64,120,312,31200,100,31200,1985616,,,,,,
sha256,64,121,312,31200,100,31200,1984299,,,,,,
sha256,64,122,312,31200,100,31200,1991187,,,,,,
sha256,64,123,312,31200,100,31200,1998475,,,,,,
sha256,64,124,312,31200,100,31200,1992336,,,,,,
sha256,64,125,312,31200,100,31200,1963333,,,,,,
sha256,64,126,312,31200,100,31200,1941567,,,,,,
sha256,64,127,312,31200,100,31200,1944229,,,,,,
sha256,2048,0,23,2300,100,2300,2016024,,,,,,
sha256,2048,1,23,2300,100,2300,2013297,,,,,,
sha256,2048,2,23,2300,100,2300,2016026,,,,,,
sha256,2048,3,23,2300,100,2300,2013066,,,,,,
sha256,2048,4,23,2300,100,2300,2019991,,,,,,
sha256,2048,5,23,2300,100,2300,2012992,,,,,,
sha256,2048,6,23,2300,100,2300,2020566,,,,,,
sha256,2048,7,23,2300,100,2300,2017042,,,,,,
sha256,2048,8,23,2300,100,2300,2020739,,,,,,
sha256,2048,9,23,2300,100,2300,2016718,,,,,,
sha256,2048,10,23,2300,100,2300,2017481,,,,,,
sha256,2048,11,23,2300,100,2300,2016938,,,,,,
sha256,2048,12,23,2300,100,2300,2020472,,,,,,
sha256,2048,13,23,2300,100,2300,2014510,,,,,,
sha256,2048,14,23,2300,100,2300,2012714,,,,,,
sha256,2048,15,23,2300,100,2300,2012802,,,,,,
sha256,2048,16,23,2300,100,2300,2012760,,,,,,
sha256,2048,17,23,2300,100,2300,2012837,,,,,,
sha256,2048,18,23,2300,100,2300,2012882,,,,,,
sha256,2048,19,23,2300,100,2300,2012867,,,,,,
sha256,2048,20,23,2300,100,2300,2017393,,,,,,
sha256,2048,21,23,2300,100,2300,2015208,,,,,,
sha256,2048,22,23,2300,100,2300,2012784,,,,,,
sha256,2048,23,23,2300,100,2300,2012849,,,,,,
sha256,2048,24,23,2300,100,2300,2012991,,,,,,
sha256,2048,25,23,2300,100,2300,2012870,,,,,,
sha256,2048,26,23,2300,100,2300,2012874,,,,,,
sha256,2048,27,23,2300,100,2300,2020729,,,,,,
sha256,2048,28,23,2300,100,2300,2054833,,,,,,
sha256,2048,29,23,2300,100,2300,2057706,,,,,,
sha256,2048,30,23,2300,100,2300,2055905,,,,,,
sha256,2048,31,23,2300,100,2300,2057261,,,,,,
sha256,2048,32,23,2300,100,2300,2058064,,,,,,
sha256,2048,33,23,2300,100,2300,2046577,,,,,,
sha256,2048,34,23,2300,100,2300,2059367,,,,,,
sha256,2048,35,23,2300,100,2300,2025138,,,,,,
sha256,2048,36,23,2300,100,2300,2020373,,,,,,
sha256,2048,37,23,2300,100,2300,2025910,,,,,,
sha256,2048,38,23,2300,100,2300,2017381,,,,,,
sha256,2048,39,23,2300,100,2300,2017623,,,,,,
sha256,2048,40,23,2300,100,2300,2038945,,,,,,
sha256,2048,41,23,2300,100,2300,2054921,,,,,,
sha256,2048,42,23,2300,100,2300,2054867,,,,,,
sha256,2048,43,23,2300,100,2300,2055269,,,,,,
sha256,2048,44,23,2300,100,2300,2055557,,,,,,
sha256,2048,45,23,2300,100,2300,2032866,,,,,,
sha256,2048,46,23,2300,100,2300,2017051,,,,,,
sha256,2048,47,23,2300,100,2300,2018151,,,,,,
sha256,2048,48,23,2300,100,2300,2017779,,,,,,
sha256,2048,49,23,2300,100,2300,2017820,,,,,,
sha256,2048,50,23,2300,100,2300,2016855,,,,,,
sha256,2048,51,23,2300,100,2300,2018222,,,,,,
sha256,2048,52,23,2300,100,2300,2067971,,,,,,
sha256,2048,53,23,2300,100,2300,2021077,,,,,,
sha256,2048,54,23,2300,100,2300,2012950,,,,,,
sha256,2048,55,23,2300,100,2300,2012766,,,,,,
sha256,2048,56,23,2300,100,2300,2012818,,,,,,
sha256,2048,57,23,2300,100,2300,2016934,,,,,,
sha256,2048,58,23,2300,100,2300,2015793,,,,,,
sha256,2048,59,23,2300,100,2300,2012848,,,,,,
sha256,2048,60,23,2300,100,2300,2012850,,,,,,
sha256,2048,61,23,2300,100,2300,2012789,,,,,,
sha256,2048,62,23,2300,100,2300,2017281,,,,,,
sha256,2048,63,23,2300,100,2300,2012729,,,,,,
sha256,2048,64,23,2300,100,2300,2012861,,,,,,
sha256,2048,65,23,2300,100,2300,2013115,,,,,,
sha256,2048,66,23,2300,100,2300,2012941,,,,,,
sha256,2048,67,23,2300,100,2300,2048019,,,,,,
sha256,2048,68,23,2300,100,2300,2055519,,,,,,
sha256,2048,69,23,2300,100,2300,2041944,,,,,,
sha256,2048,70,23,2300,100,2300,2026312,,,,,,
sha256,2048,71,23,2300,100,2300,2025809,,,,,,
sha256,2048,72,23,2300,100,2300,2032807,,,,,,
sha256,2048,73,23,2300,100,2300,2064339,,,,,,
sha256,2048,74,23,2300,100,2300,2045879,,,,,,
sha256,2048,75,23,2300,100,2300,2026397,,,,,,
sha256,2048,76,23,2300,100,2300,2017565,,,,,,
sha256,2048,77,23,2300,100,2300,2016266,,,,,,
sha256,2048,78,23,2300,100,2300,2025114,,,,,,
sha256,2048,79,23,2300,100,2300,2014189,,,,,,
sha256,2048,80,23,2300,100,2300,2015908,,,,,,
sha256,2048,81,23,2300,100,2300,2013244,,,,,,
sha256,2048,82,23,2300,100,2300,2016715,,,,,,
sha256,2048,83,23,2300,100,2300,2058613,,,,,,
sha256,2048,84,23,2300,100,2300,2054389,,,,,,
sha256,2048,85,23,2300,100,2300,2044730,,,,,,
sha256,2048,86,23,2300,100,2300,2018436,,,,,,
sha256,2048,87,23,2300,100,2300,2048802,,,,,,
sha256,2048,88,23,2300,100,2300,2059638,,,,,,
sha256,2048,89,23,2300,100,2300,2062928,,,,,,
sha256,2048,90,23,2300,100,2300,2015542,,,,,,
sha256,2048,91,23,2300,100,2300,2026033,,,,,,
sha256,2048,92,23,2300,100,2300,2022231,,,,,,
sha256,2048,93,23,2300,100,2300,2013363,,,,,,
sha256,2048,94,23,2300,100,2300,2022138,,,,,,
sha256,2048,95,23,2300,100,2300,2019793,,,,,,
sha256,2048,96,23,2300,100,2300,2013261,,,,,,
sha256,2048,97,23,2300,100,2300,2015976,,,,,,
sha256,2048,98,23,2300,100,2300,2013006,,,,,,
sha256,2048,99,23,2300,100,2300,2015928,,,,,,
sha256,2048,100,23,2300,100,2300,2013282,,,,,,
sha256,2048,101,23,2300,100,2300,2015967,,,,,,
sha256,2048,102,23,2300,100,2300,2012889,,,,,,
sha256,2048,103,23,2300,100,2300,2012791,,,,,,
sha256,2048,104,23,2300,100,2300,2012771,,,,,,
sha256,2048,105,23,2300,100,2300,2013822,,,,,,
sha256,2048,106,23,2300,100,2300,2014904,,,,,,
sha256,2048,107,23,2300,100,2300,2036172,,,,,,
sha256,2048,108,23,2300,100,2300,2054565,,,,,,
sha256,2048,109,23,2300,100,2300,2054936,,,,,,
sha256,2048,110,23,2300,100,2300,2056395,,,,,,
sha256,2048,111,23,2300,100,2300,2055700,,,,,,
sha256,2048,112,23,2300,100,2300,2040020,,,,,,
sha256,2048,113,23,2300,100,2300,2055902,,,,,,
sha256,2048,114,23,2300,100,2300,2029983,,,,,,
sha256,2048,115,23,2300,100,2300,2013677,,,,,,
sha256,2048,116,23,2300,100,2300,2023606,,,,,,
sha256,2048,117,23,2300,100,2300,2013018,,,,,,
sha256,2048,118,23,2300,100,2300,2012949,,,,,,
sha256,2048,119,23,2300,100,2300,2034198,,,,,,
sha256,2048,120,23,2300,100,2300,2055995,,,,,,
sha256,2048,121,23,2300,100,2300,2045028,,,,,,
sha256,2048,122,23,2300,100,2300,2013144,,,,,,
sha256,2048,123,23,2300,100,2300,2012860,,,,,,
sha256,2048,124,23,2300,100,2300,2379597,,,,,,
sha256,2048,125,23,2300,100,2300,2012755,,,,,,
sha256,2048,126,23,2300,100,2300,2015637,,,,,,
sha256,2048,127,23,2300,100,2300,2012769,,,,,,
sha256,102400,0,1,100,100,100,4198489,,,,,,
sha256,102400,1,1,100,100,100,4198119,,,,,,
sha256,102400,2,1,100,100,100,4199095,,,,,,
sha256,102400,3,1,100,100,100,4198036,,,,,,
sha256,102400,4,1,100,100,100,4198375,,,,,,
sha256,102400,5,1,100,100,100,4201324,,,,,,
sha256,102400,6,1,100,100,100,4214156,,,,,,
sha256,102400,7,1,100,100,100,4287519,,,,,,
sha256,102400,8,1,100,100,100,4320993,,,,,,
sha256,102400,9,1,100,100,100,4290685,,,,,,
sha256,102400,10,1,100,100,100,4349890,,,,,,
sha256,102400,11,1,100,100,100,4302063,,,,,,
sha256,102400,12,1,100,100,100,4287135,,,,,,
sha256,102400,13,1,100,100,100,4284743,,,,,,
sha256,102400,14,1,100,100,100,4286788,,,,,,
sha256,102400,15,1,100,100,100,4284562,,,,,,
sha256,102400,16,1,100,100,100,4284646,,,,,,
sha256,102400,17,1,100,100,100,4285551,,,,,,
sha256,102400,18,1,100,100,100,4284767,,,,,,
sha256,102400,19,1,100,100,100,4284982,,,,,,
sha256,102400,20,1,100,100,100,4284544,,,,,,
sha256,102400,21,1,100,100,100,4264559,,,,,,
sha256,102400,22,1,100,100,100,4202552,,,,,,
sha256,102400,23,1,100,100,100,4198295,,,,,,
sha256,102400,24,1,100,100,100,4198277,,,,,,
sha256,102400,25,1,100,100,100,4198908,,,,,,
sha256,102400,26,1,100,100,100,4230967,,,,,,
sha256,102400,27,1,100,100,100,4285908,,,,,,
sha256,102400,28,1,100,100,100,4291929,,,,,,
sha256,102400,29,1,100,100,100,4236856,,,,,,
sha256,102400,30,1,100,100,100,4230009,,,,,,
sha256,102400,31,1,100,100,100,4207143,,,,,,
sha256,102400,32,1,100,100,100,4574147,,,,,,
sha256,102400,33,1,100,100,100,4201110,,,,,,
sha256,102400,34,1,100,100,100,4201754,,,,,,
sha256,102400,35,1,100,100,100,4198347,,,,,,
sha256,102400,36,1,100,100,100,4200772,,,,,,
sha256,102400,37,1,100,100,100,4199482,,,,,,
sha256,102400,38,1,100,100,100,4200585,,,,,,
sha256,102400,39,1,100,100,100,4198708,,,,,,
sha256,102400,40,1,100,100,100,4198455,,,,,,
sha256,102400,41,1,100,100,100,4200442,,,,,,
sha256,102400,42,1,100,100,100,4199624,,,,,,
sha256,102400,43,1,100,100,100,4198228,,,,,,
sha256,102400,44,1,100,100,100,4200568,,,,,,
sha256,102400,45,1,100,100,100,4246308,,,,,,
sha256,102400,46,1,100,100,100,4286360,,,,,,
sha256,102400,47,1,100,100,100,4295917,,,,,,
sha256,102400,48,1,100,100,100,4254907,,,,,,
sha256,102400,49,1,100,100,100,4213284,,,,,,
sha256,102400,50,1,100,100,100,4205285,,,,,,
sha256,102400,51,1,100,100,100,4202648,,,,,,
sha256,102400,52,1,100,100,100,4571204,,,,,,
sha256,102400,53,1,100,100,100,4204909,,,,,,
sha256,102400,54,1,100,100,100,4199805,,,,,,
sha256,102400,55,1,100,100,100,4198322,,,,,,
sha256,102400,56,1,100,100,100,4201024,,,,,,
sha256,102400,57,1,100,100,100,4201448,,,,,,
sha256,102400,58,1,100,100,100,4198175,,,,,,
sha256,102400,59,1,100,100,100,4210710,,,,,,
sha256,102400,60,1,100,100,100,4217574,,,,,,
sha256,102400,61,1,100,100,100,4198357,,,,,,
sha256,102400,62,1,100,100,100,4198292,,,,,,
sha256,102400,63,1,100,100,100,4198204,,,,,,
sha256,102400,64,1,100,100,100,4253908,,,,,,
sha256,102400,65,1,100,100,100,4285481,,,,,,
sha256,102400,66,1,100,100,100,4282508,,,,,,
sha256,102400,67,1,100,100,100,4234783,,,,,,
sha256,102400,68,1,100,100,100,4214087,,,,,,
sha256,102400,69,1,100,100,100,4214096,,,,,,
sha256,102400,70,1,100,100,100,4204594,,,,,,
sha256,102400,71,1,100,100,100,4201926,,,,,,
sha256,102400,72,1,100,100,100,4205479,,,,,,
sha256,102400,73,1,100,100,100,4200386,,,,,,
sha256,102400,74,1,100,100,100,4198538,,,,,,
sha256,102400,75,1,100,100,100,4198362,,,,,,
sha256,102400,76,1,100,100,100,4204201,,,,,,
sha256,102400,77,1,100,100,100,4204269,,,,,,
sha256,102400,78,1,100,100,100,4198252,,,,,,
sha256,102400,79,1,100,100,100,4198316,,,,,,
sha256,102400,80,1,100,100,100,4198257,,,,,,
sha256,102400,81,1,100,100,100,4201486,,,,,,
sha256,102400,82,1,100,100,100,4199431,,,,,,
sha256,102400,83,1,100,100,100,4248061,,,,,,
sha256,102400,84,1,100,100,100,4289619,,,,,,
sha256,102400,85,1,100,100,100,4273824,,,,,,
sha256,102400,86,1,100,100,100,4249305,,,,,,
sha256,102400,87,1,100,100,100,4228689,,,,,,
sha256,102400,88,1,100,100,100,4207114,,,,,,
sha256,102400,89,1,100,100,100,4214324,,,,,,
sha256,102400,90,1,100,100,100,4204349,,,,,,
sha256,102400,91,1,100,100,100,4202995,,,,,,
sha256,102400,92,1,100,100,100,4201615,,,,,,
sha256,102400,93,1,100,100,100,4198385,,,,,,
sha256,102400,94,1,100,100,100,4198303,,,,,,
sha256,102400,95,1,100,100,100,4200602,,,,,,
sha256,102400,96,1,100,100,100,4199354,,,,,,
sha256,102400,97,1,100,100,100,4198308,,,,,,
sha256,102400,98,1,100,100,100,4198281,,,,,,
sha256,102400,99,1,100,100,100,4198702,,,,,,
sha256,102400,100,1,100,100,100,4201577,,,,,,
sha256,102400,101,1,100,100,100,4201824,,,,,,
sha256,102400,102,1,100,100,100,4230029,,,,,,
sha256,102400,103,1,100,100,100,4286110,,,,,,
sha256,102400,104,1,100,100,100,4285856,,,,,,
sha256,102400,105,1,100,100,100,4266705,,,,,,
sha256,102400,106,1,100,100,100,4210006,,,,,,
sha256,102400,107,1,100,100,100,4198628,,,,,,
sha256,102400,108,1,100,100,100,4198241,,,,,,
sha256,102400,109,1,100,100,100,4211355,,,,,,
sha256,102400,110,1,100,100,100,4201811,,,,,,
sha256,102400,111,1,100,100,100,4205799,,,,,,
sha256,102400,112,1,100,100,100,4198522,,,,,,
sha256,102400,113,1,100,100,100,4200936,,,,,,
sha256,102400,114,1,100,100,100,4208127,,,,,,
sha256,102400,115,1,100,100,100,4198293,,,,,,
sha256,102400,116,1,100,100,100,4201043,,,,,,
sha256,102400,117,1,100,100,100,4200809,,,,,,
sha256,102400,118,1,100,100,100,4198233,,,,,,
sha256,102400,119,1,100,100,100,4199277,,,,,,
sha256,102400,120,1,100,100,100,4198224,,,,,,
sha256,102400,121,1,100,100,100,4212225,,,,,,
sha256,102400,122,1,100,100,100,4291234,,,,,,
sha256,102400,123,1,100,100,100,4291604,,,,,,
sha256,102400,124,1,100,100,100,4279096,,,,,,
sha256,102400,125,1,100,100,100,4234621,,,,,,
sha256,102400,126,1,100,100,100,4295202,,,,,,
sha256,102400,127,1,100,100,100,4656056,,,,,,
blake3-servil-st,64,0,461,46100,100,46100,1999711,,,,,,
blake3-servil-st,64,1,461,46100,100,46100,2081032,,,,,,
blake3-servil-st,64,2,461,46100,100,46100,1995976,,,,,,
blake3-servil-st,64,3,461,46100,100,46100,2004599,,,,,,
blake3-servil-st,64,4,461,46100,100,46100,1990775,,,,,,
blake3-servil-st,64,5,461,46100,100,46100,1999333,,,,,,
blake3-servil-st,64,6,461,46100,100,46100,1992837,,,,,,
blake3-servil-st,64,7,461,46100,100,46100,1993274,,,,,,
blake3-servil-st,64,8,461,46100,100,46100,1998379,,,,,,
blake3-servil-st,64,9,461,46100,100,46100,1969566,,,,,,
blake3-servil-st,64,10,461,46100,100,46100,1956465,,,,,,
blake3-servil-st,64,11,461,46100,100,46100,1952088,,,,,,
blake3-servil-st,64,12,461,46100,100,46100,1943505,,,,,,
blake3-servil-st,64,13,461,46100,100,46100,1951786,,,,,,
blake3-servil-st,64,14,461,46100,100,46100,1953142,,,,,,
blake3-servil-st,64,15,461,46100,100,46100,1958174,,,,,,
blake3-servil-st,64,16,461,46100,100,46100,1953728,,,,,,
blake3-servil-st,64,17,461,46100,100,46100,1972113,,,,,,
blake3-servil-st,64,18,461,46100,100,46100,1976220,,,,,,
blake3-servil-st,64,19,461,46100,100,46100,1943997,,,,,,
blake3-servil-st,64,20,461,46100,100,46100,1941230,,,,,,
blake3-servil-st,64,21,461,46100,100,46100,1947472,,,,,,
blake3-servil-st,64,22,461,46100,100,46100,1951345,,,,,,
blake3-servil-st,64,23,461,46100,100,46100,1952330,,,,,,
blake3-servil-st,64,24,461,46100,100,46100,1952601,,,,,,
blake3-servil-st,64,25,461,46100,100,46100,1962135,,,,,,
blake3-servil-st,64,26,461,46100,100,46100,1992811,,,,,,
blake3-servil-st,64,27,461,46100,100,46100,1992129,,,,,,
blake3-servil-st,64,28,461,46100,100,46100,1998039,,,,,,
blake3-servil-st,64,29,461,46100,100,46100,1993872,,,,,,
blake3-servil-st,64,30,461,46100,100,46100,2000594,,,,,,
blake3-servil-st,64,31,461,46100,100,46100,1983965,,,,,,
blake3-servil-st,64,32,461,46100,100,46100,1959107,,,,,,
blake3-servil-st,64,33,461,46100,100,46100,1982016,,,,,,
blake3-servil-st,64,34,461,46100,100,46100,1964257,,,,,,
blake3-servil-st,64,35,461,46100,100,46100,1952460,,,,,,
blake3-servil-st,64,36,461,46100,100,46100,1945199,,,,,,
blake3-servil-st,64,37,461,46100,100,46100,1948421,,,,,,
blake3-servil-st,64,38,461,46100,100,46100,1952783,,,,,,
blake3-servil-st,64,39,461,46100,100,46100,1954090,,,,,,
blake3-servil-st,64,40,461,46100,100,46100,1954967,,,,,,
blake3-servil-st,64,41,461,46100,100,46100,1945499,,,,,,
blake3-servil-st,64,42,461,46100,100,46100,1954560,,,,,,
blake3-servil-st,64,43,461,46100,100,46100,1956310,,,,,,
blake3-servil-st,64,44,461,46100,100,46100,1956104,,,,,,
blake3-servil-st,64,45,461,46100,100,46100,1956790,,,,,,
blake3-servil-st,64,46,461,46100,100,46100,1951410,,,,,,
blake3-servil-st,64,47,461,46100,100,46100,1953266,,,,,,
blake3-servil-st,64,48,461,46100,100,46100,1947746,,,,,,
blake3-servil-st,64,49,461,46100,100,46100,1954178,,,,,,
blake3-servil-st,64,50,461,46100,100,46100,1961729,,,,,,
blake3-servil-st,64,51,461,46100,100,46100,1955624,,,,,,
blake3-servil-st,64,52,461,46100,100,46100,1956850,,,,,,
blake3-servil-st,64,53,461,46100,100,46100,1958473,,,,,,
blake3-servil-st,64,54,461,46100,100,46100,1952952,,,,,,
blake3-servil-st,64,55,461,46100,100,46100,1954196,,,,,,
blake3-servil-st,64,56,461,46100,100,46100,1947600,,,,,,
blake3-servil-st,64,57,461,46100,100,46100,1952509,,,,,,
blake3-servil-st,64,58,461,46100,100,46100,1954949,,,,,,
blake3-servil-st,64,59,461,46100,100,46100,1954108,,,,,,
blake3-servil-st,64,60,461,46100,100,46100,1954024,,,,,,
blake3-servil-st,64,61,461,46100,100,46100,1950476,,,,,,
blake3-servil-st,64,62,461,46100,100,46100,1955616,,,,,,
blake3-servil-st,64,63,461,46100,100,46100,1955069,,,,,,
blake3-servil-st,64,64,461,46100,100,46100,1952743,,,,,,
blake3-servil-st,64,65,461,46100,100,46100,2013292,,,,,,
blake3-servil-st,64,66,461,46100,100,46100,1953900,,,,,,
blake3-servil-st,64,67,461,46100,100,46100,1983607,,,,,,
blake3-servil-st,64,68,461,46100,100,46100,1993622,,,,,,
blake3-servil-st,64,69,461,46100,100,46100,1994843,,,,,,
blake3-servil-st,64,70,461,46100,100,46100,1996489,,,,,,
blake3-servil-st,64,71,461,46100,100,46100,1997114,,,,,,
blake3-servil-st,64,72,461,46100,100,46100,1982618,,,,,,
blake3-servil-st,64,73,461,46100,100,46100,1988691,,,,,,
blake3-servil-st,64,74,461,46100,100,46100,1971672,,,,,,
blake3-servil-st,64,75,461,46100,100,46100,1954571,,,,,,
blake3-servil-st,64,76,461,46100,100,46100,1956528,,,,,,
blake3-servil-st,64,77,461,46100,100,46100,1949465,,,,,,
blake3-servil-st,64,78,461,46100,100,46100,1946839,,,,,,
blake3-servil-st,64,79,461,46100,100,46100,1951489,,,,,,
blake3-servil-st,64,80,461,46100,100,46100,1952547,,,,,,
blake3-servil-st,64,81,461,46100,100,46100,1953369,,,,,,
blake3-servil-st,64,82,461,46100,100,46100,1952847,,,,,,
blake3-servil-st,64,83,461,46100,100,46100,1954198,,,,,,
blake3-servil-st,64,84,461,46100,100,46100,1954066,,,,,,
blake3-servil-st,64,85,461,46100,100,46100,1957132,,,,,,
blake3-servil-st,64,86,461,46100,100,46100,1955622,,,,,,
blake3-servil-st,64,87,461,46100,100,46100,1955762,,,,,,
blake3-servil-st,64,88,461,46100,100,46100,1956364,,,,,,
blake3-servil-st,64,89,461,46100,100,46100,1955613,,,,,,
blake3-servil-st,64,90,461,46100,100,46100,1951317,,,,,,
blake3-servil-st,64,91,461,46100,100,46100,1956178,,,,,,
blake3-servil-st,64,92,461,46100,100,46100,1952123,,,,,,
blake3-servil-st,64,93,461,46100,100,46100,1958248,,,,,,
blake3-servil-st,64,94,461,46100,100,46100,1958934,,,,,,
blake3-servil-st,64,95,461,46100,100,46100,1954380,,,,,,
blake3-servil-st,64,96,461,46100,100,46100,1954320,,,,,,
blake3-servil-st,64,97,461,46100,100,46100,1954923,,,,,,
blake3-servil-st,64,98,461,46100,100,46100,1951764,,,,,,
blake3-servil-st,64,99,461,46100,100,46100,1941469,,,,,,
blake3-servil-st,64,100,461,46100,100,46100,1948921,,,,,,
blake3-servil-st,64,101,461,46100,100,46100,1957324,,,,,,
blake3-servil-st,64,102,461,46100,100,46100,1962815,,,,,,
blake3-servil-st,64,103,461,46100,100,46100,1950209,,,,,,
blake3-servil-st,64,104,461,46100,100,46100,1956556,,,,,,
blake3-servil-st,64,105,461,46100,100,46100,1955808,,,,,,
blake3-servil-st,64,106,461,46100,100,46100,1956037,,,,,,
blake3-servil-st,64,107,461,46100,100,46100,1957647,,,,,,
blake3-servil-st,64,108,461,46100,100,46100,1995759,,,,,,
blake3-servil-st,64,109,461,46100,100,46100,1991218,,,,,,
blake3-servil-st,64,110,461,46100,100,46100,1992938,,,,,,
blake3-servil-st,64,111,461,46100,100,46100,1995165,,,,,,
blake3-servil-st,64,112,461,46100,100,46100,1996125,,,,,,
blake3-servil-st,64,113,461,46100,100,46100,1993561,,,,,,
blake3-servil-st,64,114,461,46100,100,46100,1968803,,,,,,
blake3-servil-st,64,115,461,46100,100,46100,1961498,,,,,,
blake3-servil-st,64,116,461,46100,100,46100,1962183,,,,,,
blake3-servil-st,64,117,461,46100,100,46100,1952238,,,,,,
blake3-servil-st,64,118,461,46100,100,46100,1960815,,,,,,
blake3-servil-st,64,119,461,46100,100,46100,1972213,,,,,,
blake3-servil-st,64,120,461,46100,100,46100,1950323,,,,,,
blake3-servil-st,64,121,461,46100,100,46100,1950655,,,,,,
blake3-servil-st,64,122,461,46100,100,46100,1954284,,,,,,
blake3-servil-st,64,123,461,46100,100,46100,1957522,,,,,,
blake3-servil-st,64,124,461,46100,100,46100,1957513,,,,,,
blake3-servil-st,64,125,461,46100,100,46100,1958048,,,,,,
blake3-servil-st,64,126,461,46100,100,46100,1952991,,,,,,
blake3-servil-st,64,127,461,46100,100,46100,1961224,,,,,,
blake3-servil-st,2048,0,27,2700,100,2700,2005798,,,,,,
blake3-servil-st,2048,1,27,2700,100,2700,2009129,,,,,,
blake3-servil-st,2048,2,27,2700,100,2700,2007971,,,,,,
blake3-servil-st,2048,3,27,2700,100,2700,2010699,,,,,,
blake3-servil-st,2048,4,27,2700,100,2700,2013666,,,,,,
blake3-servil-st,2048,5,27,2700,100,2700,2011442,,,,,,
blake3-servil-st,2048,6,27,2700,100,2700,2008322,,,,,,
blake3-servil-st,2048,7,27,2700,100,2700,2012862,,,,,,
blake3-servil-st,2048,8,27,2700,100,2700,2034034,,,,,,
blake3-servil-st,2048,9,27,2700,100,2700,2008996,,,,,,
blake3-servil-st,2048,10,27,2700,100,2700,2006595,,,,,,
blake3-servil-st,2048,11,27,2700,100,2700,2006057,,,,,,
blake3-servil-st,2048,12,27,2700,100,2700,2007857,,,,,,
blake3-servil-st,2048,13,27,2700,100,2700,2007208,,,,,,
blake3-servil-st,2048,14,27,2700,100,2700,2005036,,,,,,
blake3-servil-st,2048,15,27,2700,100,2700,2011774,,,,,,
blake3-servil-st,2048,16,27,2700,100,2700,2005753,,,,,,
blake3-servil-st,2048,17,27,2700,100,2700,2010316,,,,,,
blake3-servil-st,2048,18,27,2700,100,2700,2015025,,,,,,
blake3-servil-st,2048,19,27,2700,100,2700,2038848,,,,,,
blake3-servil-st,2048,20,27,2700,100,2700,2050870,,,,,,
blake3-servil-st,2048,21,27,2700,100,2700,2047927,,,,,,
blake3-servil-st,2048,22,27,2700,100,2700,2047213,,,,,,
blake3-servil-st,2048,23,27,2700,100,2700,2053830,,,,,,
blake3-servil-st,2048,24,27,2700,100,2700,2024431,,,,,,
blake3-servil-st,2048,25,27,2700,100,2700,2020225,,,,,,
blake3-servil-st,2048,26,27,2700,100,2700,2020471,,,,,,
blake3-servil-st,2048,27,27,2700,100,2700,2012400,,,,,,
blake3-servil-st,2048,28,27,2700,100,2700,2011949,,,,,,
blake3-servil-st,2048,29,27,2700,100,2700,2006807,,,,,,
blake3-servil-st,2048,30,27,2700,100,2700,2006135,,,,,,
blake3-servil-st,2048,31,27,2700,100,2700,2005278,,,,,,
blake3-servil-st,2048,32,27,2700,100,2700,2021455,,,,,,
blake3-servil-st,2048,33,27,2700,100,2700,2017024,,,,,,
blake3-servil-st,2048,34,27,2700,100,2700,2013200,,,,,,
blake3-servil-st,2048,35,27,2700,100,2700,2003922,,,,,,
blake3-servil-st,2048,36,27,2700,100,2700,2018100,,,,,,
blake3-servil-st,2048,37,27,2700,100,2700,2015255,,,,,,
blake3-servil-st,2048,38,27,2700,100,2700,2014464,,,,,,
blake3-servil-st,2048,39,27,2700,100,2700,2010832,,,,,,
blake3-servil-st,2048,40,27,2700,100,2700,2017201,,,,,,
blake3-servil-st,2048,41,27,2700,100,2700,2004828,,,,,,
blake3-servil-st,2048,42,27,2700,100,2700,2005171,,,,,,
blake3-servil-st,2048,43,27,2700,100,2700,2008175,,,,,,
blake3-servil-st,2048,44,27,2700,100,2700,2007159,,,,,,
blake3-servil-st,2048,45,27,2700,100,2700,2005136,,,,,,
blake3-servil-st,2048,46,27,2700,100,2700,2003184,,,,,,
blake3-servil-st,2048,47,27,2700,100,2700,2008485,,,,,,
blake3-servil-st,2048,48,27,2700,100,2700,2012228,,,,,,
blake3-servil-st,2048,49,27,2700,100,2700,2008657,,,,,,
blake3-servil-st,2048,50,27,2700,100,2700,2006503,,,,,,
blake3-servil-st,2048,51,27,2700,100,2700,2006352,,,,,,
blake3-servil-st,2048,52,27,2700,100,2700,2021031,,,,,,
blake3-servil-st,2048,53,27,2700,100,2700,2047088,,,,,,
blake3-servil-st,2048,54,27,2700,100,2700,2049652,,,,,,
blake3-servil-st,2048,55,27,2700,100,2700,2046160,,,,,,
blake3-servil-st,2048,56,27,2700,100,2700,2052069,,,,,,
blake3-servil-st,2048,57,27,2700,100,2700,2048315,,,,,,
blake3-servil-st,2048,58,27,2700,100,2700,2048169,,,,,,
blake3-servil-st,2048,59,27,2700,100,2700,2008316,,,,,,
blake3-servil-st,2048,60,27,2700,100,2700,2027232,,,,,,
blake3-servil-st,2048,61,27,2700,100,2700,2054340,,,,,,
blake3-servil-st,2048,62,27,2700,100,2700,2040660,,,,,,
blake3-servil-st,2048,63,27,2700,100,2700,2008919,,,,,,
blake3-servil-st,2048,64,27,2700,100,2700,2006412,,,,,,
blake3-servil-st,2048,65,27,2700,100,2700,2027997,,,,,,
blake3-servil-st,2048,66,27,2700,100,2700,2044819,,,,,,
blake3-servil-st,2048,67,27,2700,100,2700,2052807,,,,,,
blake3-servil-st,2048,68,27,2700,100,2700,2046825,,,,,,
blake3-servil-st,2048,69,27,2700,100,2700,2013671,,,,,,
blake3-servil-st,2048,70,27,2700,100,2700,2005633,,,,,,
blake3-servil-st,2048,71,27,2700,100,2700,2025631,,,,,,
blake3-servil-st,2048,72,27,2700,100,2700,2054022,,,,,,
blake3-servil-st,2048,73,27,2700,100,2700,2019690,,,,,,
blake3-servil-st,2048,74,27,2700,100,2700,2022909,,,,,,
blake3-servil-st,2048,75,27,2700,100,2700,2010062,,,,,,
blake3-servil-st,2048,76,27,2700,100,2700,2011405,,,,,,
blake3-servil-st,2048,77,27,2700,100,2700,2009002,,,,,,
blake3-servil-st,2048,78,27,2700,100,2700,2007766,,,,,,
blake3-servil-st,2048,79,27,2700,100,2700,2008037,,,,,,
blake3-servil-st,2048,80,27,2700,100,2700,2007589,,,,,,
blake3-servil-st,2048,81,27,2700,100,2700,2004196,,,,,,
blake3-servil-st,2048,82,27,2700,100,2700,2006630,,,,,,
blake3-servil-st,2048,83,27,2700,100,2700,2006468,,,,,,
blake3-servil-st,2048,84,27,2700,100,2700,2005543,,,,,,
blake3-servil-st,2048,85,27,2700,100,2700,2009967,,,,,,
blake3-servil-st,2048,86,27,2700,100,2700,2012128,,,,,,
blake3-servil-st,2048,87,27,2700,100,2700,2015123,,,,,,
blake3-servil-st,2048,88,27,2700,100,2700,2011995,,,,,,
blake3-servil-st,2048,89,27,2700,100,2700,2007972,,,,,,
blake3-servil-st,2048,90,27,2700,100,2700,2013042,,,,,,
blake3-servil-st,2048,91,27,2700,100,2700,2007900,,,,,,
blake3-servil-st,2048,92,27,2700,100,2700,2011291,,,,,,
blake3-servil-st,2048,93,27,2700,100,2700,2009370,,,,,,
blake3-servil-st,2048,94,27,2700,100,2700,2008074,,,,,,
blake3-servil-st,2048,95,27,2700,100,2700,2010621,,,,,,
blake3-servil-st,2048,96,27,2700,100,2700,2007544,,,,,,
blake3-servil-st,2048,97,27,2700,100,2700,2008069,,,,,,
blake3-servil-st,2048,98,27,2700,100,2700,2015432,,,,,,
blake3-servil-st,2048,99,27,2700,100,2700,2052252,,,,,,
blake3-servil-st,2048,100,27,2700,100,2700,2047119,,,,,,
blake3-servil-st,2048,101,27,2700,100,2700,2052241,,,,,,
blake3-servil-st,2048,102,27,2700,100,2700,2044442,,,,,,
blake3-servil-st,2048,103,27,2700,100,2700,2050116,,,,,,
blake3-servil-st,2048,104,27,2700,100,2700,2027064,,,,,,
blake3-servil-st,2048,105,27,2700,100,2700,2017688,,,,,,
blake3-servil-st,2048,106,27,2700,100,2700,2022958,,,,,,
blake3-servil-st,2048,107,27,2700,100,2700,2012452,,,,,,
blake3-servil-st,2048,108,27,2700,100,2700,2011380,,,,,,
blake3-servil-st,2048,109,27,2700,100,2700,2019042,,,,,,
blake3-servil-st,2048,110,27,2700,100,2700,2018844,,,,,,
blake3-servil-st,2048,111,27,2700,100,2700,2015842,,,,,,
blake3-servil-st,2048,112,27,2700,100,2700,2022286,,,,,,
blake3-servil-st,2048,113,27,2700,100,2700,2007663,,,,,,
blake3-servil-st,2048,114,27,2700,100,2700,2006904,,,,,,
blake3-servil-st,2048,115,27,2700,100,2700,2005959,,,,,,
blake3-servil-st,2048,116,27,2700,100,2700,2013485,,,,,,
blake3-servil-st,2048,117,27,2700,100,2700,2011587,,,,,,
blake3-servil-st,2048,118,27,2700,100,2700,2036719,,,,,,
blake3-servil-st,2048,119,27,2700,100,2700,2048447,,,,,,
blake3-servil-st,2048,120,27,2700,100,2700,2046213,,,,,,
blake3-servil-st,2048,121,27,2700,100,2700,2050300,,,,,,
blake3-servil-st,2048,122,27,2700,100,2700,2025593,,,,,,
blake3-servil-st,2048,123,27,2700,100,2700,2006146,,,,,,
blake3-servil-st,2048,124,27,2700,100,2700,2004834,,,,,,
blake3-servil-st,2048,125,27,2700,100,2700,2004323,,,,,,
blake3-servil-st,2048,126,27,2700,100,2700,2009035,,,,,,
blake3-servil-st,2048,127,27,2700,100,2700,2009270,,,,,,
blake3-servil-st,102400,0,1,100,100,100,1994916,,,,,,
blake3-servil-st,102400,1,1,100,100,100,1993957,,,,,,
blake3-servil-st,102400,2,1,100,100,100,1995677,,,,,,
blake3-servil-st,102400,3,1,100,100,100,1995729,,,,,,
blake3-servil-st,102400,4,1,100,100,100,1995708,,,,,,
blake3-servil-st,102400,5,1,100,100,100,1997741,,,,,,
blake3-servil-st,102400,6,1,100,100,100,1996252,,,,,,
blake3-servil-st,102400,7,1,100,100,100,1998928,,,,,,
blake3-servil-st,102400,8,1,100,100,100,1994773,,,,,,
blake3-servil-st,102400,9,1,100,100,100,1999484,,,,,,
blake3-servil-st,102400,10,1,100,100,100,2032874,,,,,,
blake3-servil-st,102400,11,1,100,100,100,2037666,,,,,,
blake3-servil-st,102400,12,1,100,100,100,2041393,,,,,,
blake3-servil-st,102400,13,1,100,100,100,2037133,,,,,,
blake3-servil-st,102400,14,1,100,100,100,2045087,,,,,,
blake3-servil-st,102400,15,1,100,100,100,2007135,,,,,,
blake3-servil-st,102400,16,1,100,100,100,1995297,,,,,,
blake3-servil-st,102400,17,1,100,100,100,2008792,,,,,,
blake3-servil-st,102400,18,1,100,100,100,2013996,,,,,,
blake3-servil-st,102400,19,1,100,100,100,2000879,,,,,,
blake3-servil-st,102400,20,1,100,100,100,1998236,,,,,,
blake3-servil-st,102400,21,1,100,100,100,2001300,,,,,,
blake3-servil-st,102400,22,1,100,100,100,2000760,,,,,,
blake3-servil-st,102400,23,1,100,100,100,2363429,,,,,,
blake3-servil-st,102400,24,1,100,100,100,1993003,,,,,,
blake3-servil-st,102400,25,1,100,100,100,1993231,,,,,,
blake3-servil-st,102400,26,1,100,100,100,1995594,,,,,,
blake3-servil-st,102400,27,1,100,100,100,1995986,,,,,,
blake3-servil-st,102400,28,1,100,100,100,1997475,,,,,,
blake3-servil-st,102400,29,1,100,100,100,1997849,,,,,,
blake3-servil-st,102400,30,1,100,100,100,1993909,,,,,,
blake3-servil-st,102400,31,1,100,100,100,2000442,,,,,,
blake3-servil-st,102400,32,1,100,100,100,2000359,,,,,,
blake3-servil-st,102400,33,1,100,100,100,2016440,,,,,,
blake3-servil-st,102400,34,1,100,100,100,2001776,,,,,,
blake3-servil-st,102400,35,1,100,100,100,2004642,,,,,,
blake3-servil-st,102400,36,1,100,100,100,2000185,,,,,,
blake3-servil-st,102400,37,1,100,100,100,2000545,,,,,,
blake3-servil-st,102400,38,1,100,100,100,1997030,,,,,,
blake3-servil-st,102400,39,1,100,100,100,1996730,,,,,,
blake3-servil-st,102400,40,1,100,100,100,1993423,,,,,,
blake3-servil-st,102400,41,1,100,100,100,1994383,,,,,,
blake3-servil-st,102400,42,1,100,100,100,1995888,,,,,,
blake3-servil-st,102400,43,1,100,100,100,1998302,,,,,,
blake3-servil-st,102400,44,1,100,100,100,1996740,,,,,,
blake3-servil-st,102400,45,1,100,100,100,1995763,,,,,,
blake3-servil-st,102400,46,1,100,100,100,1995692,,,,,,
blake3-servil-st,102400,47,1,100,100,100,1995316,,,,,,
blake3-servil-st,102400,48,1,100,100,100,1994828,,,,,,
blake3-servil-st,102400,49,1,100,100,100,2002080,,,,,,
blake3-servil-st,102400,50,1,100,100,100,2024598,,,,,,
blake3-servil-st,102400,51,1,100,100,100,2037952,,,,,,
blake3-servil-st,102400,52,1,100,100,100,2036439,,,,,,
blake3-servil-st,102400,53,1,100,100,100,2033268,,,,,,
blake3-servil-st,102400,54,1,100,100,100,2040550,,,,,,
blake3-servil-st,102400,55,1,100,100,100,2040699,,,,,,
blake3-servil-st,102400,56,1,100,100,100,1995251,,,,,,
blake3-servil-st,102400,57,1,100,100,100,2013068,,,,,,
blake3-servil-st,102400,58,1,100,100,100,1996986,,,,,,
blake3-servil-st,102400,59,1,100,100,100,1996227,,,,,,
blake3-servil-st,102400,60,1,100,100,100,2011577,,,,,,
blake3-servil-st,102400,61,1,100,100,100,1997575,,,,,,
blake3-servil-st,102400,62,1,100,100,100,1999899,,,,,,
blake3-servil-st,102400,63,1,100,100,100,2002256,,,,,,
blake3-servil-st,102400,64,1,100,100,100,2001931,,,,,,
blake3-servil-st,102400,65,1,100,100,100,2016948,,,,,,
blake3-servil-st,102400,66,1,100,100,100,1998779,,,,,,
blake3-servil-st,102400,67,1,100,100,100,1997259,,,,,,
blake3-servil-st,102400,68,1,100,100,100,1998306,,,,,,
blake3-servil-st,102400,69,1,100,100,100,1994004,,,,,,
blake3-servil-st,102400,70,1,100,100,100,1995964,,,,,,
blake3-servil-st,102400,71,1,100,100,100,1993860,,,,,,
blake3-servil-st,102400,72,1,100,100,100,1996915,,,,,,
blake3-servil-st,102400,73,1,100,100,100,1993174,,,,,,
blake3-servil-st,102400,74,1,100,100,100,1997082,,,,,,
blake3-servil-st,102400,75,1,100,100,100,1996333,,,,,,
blake3-servil-st,102400,76,1,100,100,100,1996726,,,,,,
blake3-servil-st,102400,77,1,100,100,100,1998354,,,,,,
blake3-servil-st,102400,78,1,100,100,100,2007371,,,,,,
blake3-servil-st,102400,79,1,100,100,100,1996083,,,,,,
blake3-servil-st,102400,80,1,100,100,100,1999172,,,,,,
blake3-servil-st,102400,81,1,100,100,100,1997244,,,,,,
blake3-servil-st,102400,82,1,100,100,100,1999793,,,,,,
blake3-servil-st,102400,83,1,100,100,100,1996080,,,,,,
blake3-servil-st,102400,84,1,100,100,100,1995951,,,,,,
blake3-servil-st,102400,85,1,100,100,100,1998151,,,,,,
blake3-servil-st,102400,86,1,100,100,100,1994302,,,,,,
blake3-servil-st,102400,87,1,100,100,100,1997454,,,,,,
blake3-servil-st,102400,88,1,100,100,100,1996710,,,,,,
blake3-servil-st,102400,89,1,100,100,100,1999654,,,,,,
blake3-servil-st,102400,90,1,100,100,100,2028578,,,,,,
blake3-servil-st,102400,91,1,100,100,100,2034733,,,,,,
blake3-servil-st,102400,92,1,100,100,100,2038472,,,,,,
blake3-servil-st,102400,93,1,100,100,100,2036539,,,,,,
blake3-servil-st,102400,94,1,100,100,100,2040029,,,,,,
blake3-servil-st,102400,95,1,100,100,100,2046963,,,,,,
blake3-servil-st,102400,96,1,100,100,100,1987738,,,,,,
blake3-servil-st,102400,97,1,100,100,100,2005035,,,,,,
blake3-servil-st,102400,98,1,100,100,100,2009998,,,,,,
blake3-servil-st,102400,99,1,100,100,100,1994127,,,,,,
blake3-servil-st,102400,100,1,100,100,100,1993275,,,,,,
blake3-servil-st,102400,101,1,100,100,100,2012553,,,,,,
blake3-servil-st,102400,102,1,100,100,100,2002555,,,,,,
blake3-servil-st,102400,103,1,100,100,100,1999079,,,,,,
blake3-servil-st,102400,104,1,100,100,100,1996000,,,,,,
blake3-servil-st,102400,105,1,100,100,100,1996413,,,,,,
blake3-servil-st,102400,106,1,100,100,100,2001622,,,,,,
blake3-servil-st,102400,107,1,100,100,100,2014445,,,,,,
blake3-servil-st,102400,108,1,100,100,100,1996410,,,,,,
blake3-servil-st,102400,109,1,100,100,100,1995622,,,,,,
blake3-servil-st,102400,110,1,100,100,100,1995211,,,,,,
blake3-servil-st,102400,111,1,100,100,100,1994538,,,,,,
blake3-servil-st,102400,112,1,100,100,100,1995014,,,,,,
blake3-servil-st,102400,113,1,100,100,100,1993122,,,,,,
blake3-servil-st,102400,114,1,100,100,100,1998534,,,,,,
blake3-servil-st,102400,115,1,100,100,100,1995515,,,,,,
blake3-servil-st,102400,116,1,100,100,100,1992800,,,,,,
blake3-servil-st,102400,117,1,100,100,100,1994909,,,,,,
blake3-servil-st,102400,118,1,100,100,100,1997888,,,,,,
blake3-servil-st,102400,119,1,100,100,100,1993882,,,,,,
blake3-servil-st,102400,120,1,100,100,100,1995339,,,,,,
blake3-servil-st,102400,121,1,100,100,100,1996678,,,,,,
blake3-servil-st,102400,122,1,100,100,100,1994738,,,,,,
blake3-servil-st,102400,123,1,100,100,100,1999234,,,,,,
blake3-servil-st,102400,124,1,100,100,100,1996069,,,,,,
blake3-servil-st,102400,125,1,100,100,100,1994785,,,,,,
blake3-servil-st,102400,126,1,100,100,100,1997204,,,,,,
blake3-servil-st,102400,127,1,100,100,100,2000570,,,,,,
